[asm-T1.jpg]
filters=IR=1,63.157890;Boost=1,11.695907;
moddate=52679a6d9819ce01
width=463
height=403
textactive=0
[asm-C5.jpg]
filters=autocolor=1;fill=1,0.570093;glow2=1,0.298246,16.068727;
moddate=4b80ea502c1ece01
width=135
height=57
textactive=0
[asm-C2.jpg]
filters=glow2=1,0.269006,10.560440;
moddate=fa7617e32c1ece01
width=187
height=52
textactive=0
[asm-C6.jpg]
filters=glow2=1,0.233918,3.197639;Boost=1,23.976608;
moddate=7fb5830c2d1ece01
width=146
height=50
textactive=0
