[Differentiator_C1.jpg]
filters=autocolor=1;fill=1,0.542056;autolight=1;unsharp2=1,0.894737;ansel=1,ffffffff;HDR=1,54.687130,7.000000,0.000000;Boost=1,100.000000;
moddate=8f90aaa99c27ce01
width=326
height=309
textactive=0
